REGENERATING 140 425 64 24 1
REGENERATING 490 425 64 24 1
STRONG 490 395 64 24 2
REGENERATING 490 365 64 24 1
UNBREAKABLE 140 365 64 24
INVISIBLE 70 395 64 24 4
NORMAL 280 425 64 24 1
NORMAL 350 425 64 24 1
NORMAL 420 425 64 24 1
NORMAL 210 425 64 24 1
EXPLOSIVE 350 245 64 24 1 40
UNBREAKABLE 210 215 64 24
UNBREAKABLE 420 215 64 24
CHAIN 350 275 64 24 1 0
CHAIN 280 275 64 24 1 0
CHAIN 280 275 64 24 1 0
CHAIN 490 185 64 24 1 0
CHAIN 140 185 64 24 1 0
EXPLOSIVE 280 245 64 24 1 40
STRONG 140 395 64 24 2
INVISIBLE 560 395 64 24 1
STRONG 140 275 64 24 2
STRONG 490 275 64 24 2
NORMAL 70 275 64 24 1
NORMAL 560 275 64 24 1
NORMAL 210 395 64 24 1
NORMAL 350 395 64 24 1
NORMAL 420 395 64 24 1
NORMAL 280 395 64 24 1
STRONG 280 455 64 24 2
STRONG 350 455 64 24 2
STRONG 210 455 64 24 2
STRONG 420 455 64 24 2
NORMAL 140 155 64 24 1
NORMAL 210 185 64 24 1
NORMAL 280 215 64 24 1
NORMAL 350 215 64 24 1
NORMAL 420 185 64 24 1
NORMAL 490 155 64 24 1
NORMAL 140 305 64 24 1
NORMAL 490 305 64 24 1
STRONG 280 365 64 24 2
STRONG 350 365 64 24 2
STRONG 0 275 64 24 2
STRONG 630 275 64 24 2
