NORMAL 188 232 64 24 1
CHAIN 538 232 64 24 1 0
CHAIN 118 262 64 24 1 0
CHAIN 538 262 64 24 1 0
CHAIN 118 232 64 24 1 0
NORMAL 188 262 64 24 1
NORMAL 468 232 64 24 1
NORMAL 468 262 64 24 1
NORMAL 118 292 64 24 1
NORMAL 538 292 64 24 1
NORMAL 608 262 64 24 1
NORMAL 48 262 64 24 1
NORMAL 48 232 64 24 1
NORMAL 608 232 64 24 1
UNBREAKABLE 398 262 64 24
UNBREAKABLE 258 262 64 24
STRONG 188 292 64 24 2
STRONG 468 292 64 24 2
EXPLOSIVE 398 232 64 24 2 40
EXPLOSIVE 258 232 64 24 2 40
NORMAL 608 202 64 24 1
NORMAL 188 202 64 24 1
NORMAL 48 202 64 24 1
NORMAL 468 202 64 24 1
INVISIBLE 258 202 64 24 2
INVISIBLE 398 202 64 24 2
INVISIBLE 538 202 64 24 2
INVISIBLE 118 202 64 24 2
REGENERATING 188 142 64 24 1
REGENERATING 468 142 64 24 1
UNBREAKABLE 328 262 64 24
