NORMAL 188 242 64 24 1
CHAIN 538 242 64 24 1 0
CHAIN 118 272 64 24 1 0
CHAIN 538 272 64 24 1 0
CHAIN 118 242 64 24 1 0
NORMAL 188 272 64 24 1
NORMAL 468 242 64 24 1
NORMAL 468 272 64 24 1
NORMAL 118 272 64 24 1
NORMAL 538 272 64 24 1
NORMAL 608 272 64 24 1
NORMAL 608 272 64 24 1
NORMAL 48 272 64 24 1
NORMAL 48 272 64 24 1
NORMAL 48 242 64 24 1
NORMAL 608 242 64 24 1
NORMAL 398 272 64 24 1
NORMAL 258 272 64 24 1
UNBREAKABLE 398 272 64 24
UNBREAKABLE 258 272 64 24
STRONG 188 272 64 24 2
STRONG 468 272 64 24 2
EXPLOSIVE 398 242 64 24 2 40
EXPLOSIVE 258 242 64 24 2 40
NORMAL 608 212 64 24 1
NORMAL 188 212 64 24 1
NORMAL 48 212 64 24 1
NORMAL 468 212 64 24 1
INVISIBLE 258 212 64 24 2
INVISIBLE 398 212 64 24 2
INVISIBLE 538 212 64 24 2
INVISIBLE 118 212 64 24 2
REGENERATING 188 152 64 24 1
REGENERATING 468 152 64 24 1
UNBREAKABLE 328 272 64 24
